0 -155.66897583 18.9247817993
1 -155.78137207 19.0130939484
2 -155.86164856 19.0130939484
3 -155.909820557 19.1335201263
4 -155.877716064 19.3743724823
5 -155.949966431 19.4867706299
6 -155.9740448 19.6312828064
7 -156.046310425 19.7838230133
8 -155.982086182 19.8239650726
9 -155.885742188 19.9363632202
10 -155.829544067 20.0086193085
11 -155.83757019 20.0648174286
12 -155.893768311 20.1772155762
13 -155.86164856 20.273557663
14 -155.741226196 20.2093296051
15 -155.564605713 20.1370735168
16 -155.203323364 20.0005912781
17 -155.098953247 19.8801631927
18 -155.074874878 19.7276248932
19 -154.978530884 19.743680954
20 -154.978530884 19.6553688049
21 -154.793869019 19.5429706573
22 -154.817962646 19.4626865387
23 -154.930358887 19.4225444794
24 -155.018661499 19.334230423
25 -155.155151367 19.2700042725
26 -155.307693481 19.2378902435
27 -155.524459839 19.1254920959
28 -155.540512085 19.0452079773
29 -155.66897583 18.9247817993
